2.752594892
3.516177976
7.664167876
8.728677917
11.126493952
12.862517778
9.615856855
9.522323118
7.655636528
4.519723656
3.614533889
1.900584543
2.752594892
3.516177976
7.664167876
8.728677917
11.12649395
12.86251778
9.615856855
9.522323118
7.655636528
4.519723656
3.614533889
1.900584543
2.752594892
3.516177976
7.664167876
8.728677917
11.12649395
12.86251778
9.615856855
9.522323118
7.655636528
4.519723656
3.614533889
1.900584543
1.95495
3.948430655
6.362402285
7.837174583
13.10429005
10.12111014
10.70268199
9.606408602
7.723491806
4.68688078
3.20093
1.963198656
2.294882796
4.430166071
6.084812769
9.068810972
10.06014005
11.95171181
11.999925
10.15073495
8.335402222
5.655443548
3.262284028
2.24197621
